35AA3202004B1200
-0.000148408;0.000580321;-0.000761035;1.00351;0.000605112

6CAA3202004B1200
5.38909e-005;-0.000278531;0.000494995;1.00401;-8.80309e-005

95AB3202004B1200
-0.000228506;0.00102204;-0.00147703;1.00687;-0.00105173

66AA3202004B1200
-1.77402e-005;-0.000113539;0.000468046;1.00492;0.000839287

34AC3202004B1200
9.70682e-005;-0.000485768;0.000680198;1.00285;0.00141426

8DAB3202004B1200
-0.00011772;0.000147133;0.000278946;1.00321;0.00134022

E9A93202004B1200
-7.17285e-005;0.000212026;-0.000142114;1.00456;0.000174322

63AA3202004B1200
-0.000149934;0.00050036;-0.000520958;1.00456;0.000469667

99A93202004B1200
-4.82185e-006;-7.34972e-005;0.000253965;1.00312;0.00154352

A4AB3202004B1200
8.74099e-005;-0.000461827;0.000793871;1.00432;0.00130243

E9A93202004B1200
2.98868e-005;-0.000238496;0.000439643;1.00442;0.000169569

99AB3202004B1200
0.000364463;-0.00152064;0.00192031;1.00517;0.000203985

6DA83202004B1200
0.000142032;-0.000698533;0.00110281;1.00477;-0.000768637

12AC3202004B1200
-6.63978e-005;0.000294365;-0.000266767;1.00413;0.00147234

81AB3202004B1200
-1.16904e-005;-3.82486e-005;0.000143441;1.00568;-0.00386152

9DA93202004B1200
0.000137151;-0.00057361;0.000870437;1.00422;0.000155961

08AA3202004B1200
9.80775e-005;-0.00045406;0.000595935;1.00356;0.00160844

7EAA3202004B1200
3.49922e-005;-0.000132133;4.72365e-005;1.00632;-0.000779347

91AB3202004B1200
-0.000146851;0.000734255;-0.00102284;1.00469;0.00058494

2AAA3202004B1200
5.56363e-005;-0.00021208;0.000233559;1.00353;0.00133519

B0A93202004B1200
-3.23769e-005;0.00037732;-0.000965273;1.00394;0.00169365

E1AB3202004B1200
-1.46746e-005;0.000153145;-0.000362236;1.00473;0.00106816

CBA93202004B1200
7.39546e-005;-7.55182e-005;-0.000213208;1.00516;0.00104521

DCA93202004B1200
-3.91753e-005;1.58302e-005;9.76256e-005;1.00392;0.00129165

68AA3202004B1200
-4.11622e-005;0.000167913;-0.000269323;1.00582;0.00048408

31AC3202004B1200
-8.69905e-005;-0.000140838;0.000953017;1.00367;0.000545869

27AC3202004B1200
-0.000169922;0.000781798;-0.00112887;1.00383;0.00160236

1EAA3202004B1200
-0.0429105;0.209052;-0.322219;1.16213;-0.00764486

AFAB3202004B1200
3.74962e-005;-0.000311901;0.00065862;1.00462;0.000936049

50AA3202004B1200
0.00130165;-0.00605923;0.00924015;1.00017;0.00139098

0FAC3202004B1200
-1.27513e-005;9.38271e-005;-0.000182984;1.00472;0.000546176

39AA3202004B1200
-5.08051e-005;0.000165646;-0.00023058;1.0049;0.00101312

87A93202004B1200
-0.000231613;0.000903299;-0.00112473;1.00555;0.00144125

B4A93202004B1200
0.000184616;-0.000737074;0.000881769;1.00509;0.000549979

5AA83202004B1200
0.000498923;-0.00183719;0.00192353;1.00418;0.000419764

E0A93202004B1200
0.000220513;-0.000839564;0.000918499;1.00299;0.00133917

EDA93202004B1200
-6.94334e-005;0.000224411;-0.000259846;1.00263;0.00191812

0CAA3202004B1200
-4.81899e-005;0.000236007;-0.000190374;1.00343;0.00123921

0CAC3202004B1200
0.000325808;-0.0014228;0.00182845;1.00421;-0.00125981

3DAA3202004B1200
-0.000211066;0.000762162;-0.000782976;1.00511;0.000146066

C7A93202004B1200
0.000151835;-0.000587448;0.000674869;1.00308;0.00153637

7AAA3202004B1200
7.87083e-005;-0.000429247;0.000748684;1.004;0.00181447